$ANSIBLE_VAULT;1.1;AES256
34366232633464306162663664346661363639393337656365663561633762383135323461646161
3034333630353834386662333034323235313336373834310a663133306139393639663736346332
66383832353533643036396562353730623965373030656433366138613563663638366436343061
6538663335373565350a346234316266376534643938336531383934386437383162666536646539
38343832363262323933393461356135656431666465326536323637633336623263336563343136
34313237616162326431333061383163326239343262323561376337363062366238303861303431
65346133643333383034343365316237316564653461393363353764343037326430333234666666
34393831393530313962353662313637323231353932663237656439656663653532633337373863
64396166333961323635643537383738326631353166313263613464623834306162323135373838
64306431383136616638353265333437353864613565333336633538333933366463633634363239
37303931613762643264613565376363323334653466343266303435363930356536386133363636
61366664343565373362643135633334343637393532623238326463313137623064373562646166
66356537336432386638663732383363396132313435613935396638343661363338636166386633
3665303530333337616533323832343164343362613738616135
