$ANSIBLE_VAULT;1.1;AES256
32343265373231383631313239393435303262316661306536333638663739303631653538656632
3566313666613034616230313934363036613031383239620a626535623231623461636231306530
66343131623537653830633863336665343865646635633666313736343266663533383332356531
3839336465646632610a646162616462363831316561316364666462643431653332373761333930
32643138633931366638613632333366396635346331613132356530366137323834633636393839
34653039666637343165343562626161653630646266656235356163623031623631633730386563
32646137356661323232343731356236653539333031313830373133626438623738333630643731
34663263366433663939306562386530636262386335636663396161366165303464323830343630
62633561656630313334373266336135383730336330663663373637376264323864663139336462
63663965643361386330386431626135393138356136396139376664623730396130613861346265
63356537343238653066383435386334303461643434373238366632373662313835616565636332
30663936633730616634343839656335393932343365343762663533366435313832336134303336
3063
