$ANSIBLE_VAULT;1.1;AES256
64386630333539363062613362393034396232363166653834663362613339356165383035393332
3536313638666662336662363831316565636637346461660a383063326535326532333661383535
64633737346365326330653430313238653965386466353331373431396563653636323633353732
3963303562396236630a313561393261373436323830303561396332613336633537643837336361
62363237616462633039636432633261643766383435363961643033613361313735636634626531
38633066623231386338363734363436643538383830656137663138666136383161313135383165
31383364613366396132353430313933323565316164643733346138393832623931323630383431
37373130316231653933346339393936363833616661393030313163616330303435643638373739
38353133633436316337326233613638323134383138336538393564643432303663383139383231
64366536373865393432636366306563626239386265303564326132333466636239333563633838
38663838666230356639326635653937313837613963376363323163633538633030306638373030
62336336623836316130306531393365326336393431353538656333383531613331613339663830
32366537376437636466623439316536306535643134326530383536306565353130656666326339
39396237653937666330356166646363616166636665656437393634323134396363393234316366
64346562356133396436383239313463386336366563643730303832646432313335623064333032
66663231666661393933616237613139316138396261383866313261666162373536356135346538
31363033666637666237386363353937623265666665363331323861643636396661303232646634
37326636396165333138356239623737363166663434636631303563383131323437666433623765
34333136306662663265616165393836396365633639613966613764383566373737343239396366
65366232366531646435353135356566323331653764356464326364613136396636633237336631
63333465356466373261633761333061376565346435643335656162363236656235646438333566
34653631316339343537653134653661323432306264343033383961353862616463343238393236
38313566316535376536326162383266646266313137313961346234663765343439653434326130
65353765666166373165303634333531333830366363393938656132373066373534303434313865
6133
