$ANSIBLE_VAULT;1.1;AES256
30333931346331313838663038346439646633643637616531633036323163366339653863623034
6666356366363333303434653231353030326138383666610a636133356235383634323963373837
35306265316364393837646338396632653630363337326662316331653361613730353063646661
6136343763333966370a363239383562653430353765393062353033346139373464623265633466
33656166613766303865393463303236653866633464333833633437336631643731653731316533
38393063303465626363353863303062383331663239616165626462366466663637373134323230
62636339343630643639373161333430326132353032656335663135313134643433333165646139
30643662346264363538313562653464366266323534623264396535333265313238616164353161
32653066366434353861623739633438303133313566653038343164316466313936663061376565
66656261666161343431356537326264383366356238396366633435623933623561613835626631
31326634646530626533666464663164326135663366386530343462316436393232373961643265
38363730366534366164303162663136353038353637356135386163393465386339653264383064
31326231373932366435303966636665373837366238636564313830636633646135663036666438
65313832306537386130323237356537373064316130333332316662633331313737343334386631
66333334363766396534353531323933363930356238383032353562313935336138653630653164
63353237306366653432323036626363633030336133346163376238383264343663383234316130
64393262323534663131656465643433653561323366633636623665633335656534373833366164
66643539373365353466313261396539323664373532636163366335323034303463646263343231
66343834613133363731356637383066613139623932393165616132343663383164383239306439
38343334396639313762323162326464323339336463656337363335656666396564323131306261
65653236316636626361636533663031383837623438663739336631633636396539613561313232
61303831633331333336326134666264326666313330356539663862393165373434623961343665
65323338336464643034653734393362313431336434666237343036653830656264653764386365
30333063373437663536363232346437663038663731666637653837343332373135633766393662
62303937653364646533363133333765616230633731346261373537373039613534613135323535
38383333653466323638346166363461633536636138326366373231356465326534636638613135
34313238373665353838663633363335633932323338343335363066366230316134376266353030
39623834393262383739383936653462313561616165353235396531663661356366306632313765
34326530306138396361636261643263393235663739643533626261636233636661306564363464
34636331613963326665313533636161326231373037336664316365323137656332633661303362
34613665623861633766616139333265393262643564653664353530373735383531643534376666
33356233386164623531663535626661353138383039643634366531323963376665363133356435
63313666393234646137646665393739643536613030333164383536623637363835313135386566
37306263323031393963343138376564303739326335666366393835633936363362326362626336
63363237366236303234393031303330653439643037346433373661663761333262663139666566
36663032656635663762326364306465386131666231393733623265316236623335363430396236
38373030303432626666303063393861303633393564306530616537363864353637663738393063
64303030346630333933656539346135313765313562636134646561313762636539323737373130
66396531653766323266343161373465663563316431343331633736333361323836306332633663
37383562363938616133343632633437363033323564303133633864353261333561383939353037
39366363656165623261326531653439356530633264393438326461343030656239383632353738
63343330343464626532663061663632643036346233633932633666343962306135643734396434
34373030346663393137306438313461376566366638363034313736623235333535623235613230
62613236303435636666356431623365303233633262396135653634353036333732373132623131
38643262613661336130313262313030653861643961623035646132333264383031666133656663
36643737396530343062343765323934396138656130316534653965373036623937343765383263
39313130656539646133613164316439383863376633383133323534303130616466633231366466
30373039653233303963376363323239633663386532666162656636363032373034393062356631
32666535343666623662383065616537363164376664646137363839373335623939623030326333
31373031366434346538666264363461356662333036663363356533383964343562633830653031
64633563613233353630653731666539316437396239616335333232373732323337616463353436
61623932333835303137656565653137623133346538363533623762323339616237663963626237
37613231373536326434663834623133613738393539373034663065633731343336316536356631
65333032333539663763366431333366346136333735356635663739393837343238663938623062
37396365393430346164353034643864393066623135613832623938383230303838343334383733
35616263636433656332363036383961343832613031363737663238633631303032623933353165
37626139303862646162353736306538303861666264376235663338343438633536333839373863
34383261353535316364363430613337396463653863386163636164326266663665653132343065
36336263366463633634333436613665393935333139323435306338343934616563373264393465
39343232383032373862373339646439646135336530633135306465633731356434623632313234
37333462336633386163353365653536353432346235376435653631653233636235353963353064
65653462303662323361343233613639313330656630353634626335653732346531646330343533
35383866353863633366323731303163323933373862386635316161343861303836616334323637
34303830383934643239303661393863373238666264396438626161396635336265626331663634
63383031613133376633353033366165373237663265333165366232346634363565663963333865
66616533323833326664663035363966663039636231656132353437366165646635663661363232
34623836326435653036373739623564646433616535313064376266343836653033386136633337
64313033666235366435313830303062613064356263613762616365373364626637643963633834
65613562353862386236396264313432663339383861333532343235623237303365363361313266
65643965346538663263336663323661363862373435393365303735626233333133653963393539
62356363313565363566633565373535616533376262623830633234653136366662373036393130
65376363626530623733663563346631303032333361633666303833343463386233363138623936
33626433363663326438306437393261613037396134633234383033376564356435656338633063
66396633336663393466633130316633383062386363363334363537663734393237376563666638
39363736356663333830633939616365613964663661303161396230616637326164336131366166
66366135393634373766323463303465623137383661313133653039396436353336366362373134
62373336356539313834396437313765653164653834653038623535396139376634333361363835
38613239356233346636326464343064633331323530323263666531386565303436653161333630
39666466333862636235333466616664376266376361623731373263383163646430383334613637
31373431306132643037646564646134356230343235373636343430306563636336333930386136
39333832663933353031663166326665383439353261633865623561653363633761393464666132
31323231653430626431303237663364353732343062653338353032303163356138356232363030
65623034363663363331336165643932323030623035373531343830613061623134663132393537
33613439323931303465353062633131316666643466666632306238326138393564633039626466
37663262346463346530633838616433363930373032313438633863386366303535356237306663
35656261623437343035636233373665316666646333343037616666353865626331633931383032
33383839636539373733343465336435386266663739336433343937386230646136366538353466
39326239383535383638653764643966646336343335373839333538316139326535336136343865
63333035373962336636653661623731626530313332633736356434313038393033363438346461
62393431623266383263633933663336623436373839663865343331346561646564323864613662
65333230363530353664383637393539356330646430646163363734653537393230326261633333
33623938303264653638386333373439613530633062346562653462303134383465623232313137
32313462666565646438373063333166333263626164613361393336653532326665616464386139
33633934383836366666616233383536626265363561376134356563646638663136633961626563
62343137623338393066373239373735643631376237653438336537663738373731353235316432
35396239666265306165643165643965656536313339363432333466323465633539653735386230
36396531666165356637383730366136306662663739313536356539656530366638316431613134
32323061383633636465323839626632353935396632356332376362663662313438303461346536
33623836313235373439356638373938333838393263303566393435343631623431306239643864
38656135356366623638663762653135646438323635613535623934353762633538323139393063
65373935343532373739303764303663353433663964616531326664646132623266383066316132
35643537613365336264373466373831333066323732303435623264666465366432303131653636
35366338383164633739313938373933613634316235623136623338323336376664643732623961
38663634353137626238633862663465376132333637663531343938353039643161666563333237
38333265363331396165326562636334313630313038326362613662386461626530613336303965
36646664633764663337636463653766336162666431613165623762366538303161646464373164
61323737653031313466653164623061303066323962373866373833323066343639323039363435
62323665363730633936343731303731663831346234386263326266643631646664366539623464
30303665383439386232353430623965613639343936333532353362333162396366346139336635
37316232383938393065626434343034353965306633663030623739356666363866356534376237
31646431326334666338396235323832313163343364623033393334303036633363393337313762
66323161366136646335633466633434386139366337366434336166363461363230336133313139
62376663313335636131313163613966316633333266333461623766643538396232386537303832
32376266613739303934653464383065636339633961636662393131656437346562343939636266
33383865303430313936346463636663376438613035343164376338356138366533316633653064
31616338666163666632666565343133323935303063643666356363393632613265656636363032
34623332653433363361623733316232356635313632373536353964353033613861343738626561
61653434313563363564326464353636373739666132383666363361613736353465363066653330
30303236613738636332346564653334393831373636336534636265363333336439303563396337
36306666306135376137623564626464376532373038366637653736656366313337386432373830
36316237656339316464633266616534306231663761643466353131376536373664383532333139
30326566666663393435333733666632303730376234663533343139373934366464363233383763
64646231663937656236366465653134613333643231363036386366303533306130643432616637
36646635383335616163396231363732396231653862356337643162373064623466613036653033
32666264663734356235343866393262326534626137336464303265623866323338306132363532
39353635643830303834303031373331636433613436373266643130373566343661313035386635
34653139336164323239343738306265376564393238626330613739373863636334663835633235
39323735316633663837343334633963626532353739363166343263613836393561356234656438
37326162616231623436646466353338636533373931376437653664393162626434353834383833
64383262636566633237626464383231323238303632383262633038346330306437616634376334
33663236613336656561633338613161363461383138303634643961343830316638633463303134
65313163663734633966303139663263623361333261303739663135333734396232343764633963
36623538316364623032623738643234303634346232363632326430613536643338386136663162
32333366393337303031306363363564326562343863373633373334613763363961616430326238
363332643838353938313666626639386261
